1201
2050
4105
6154
2059
4110
8206
2064
6160
8208
8212
2070
8215
8218
29
2077
30
2078
31
2079
4127
8223
32
34
6181
8229
4134
6182
2087
40
4136
8235
6188
8236
6200
58
2108
6204
4157
6207
6209
8258
2115
8261
2119
6215
6216
2121
6217
6218
8266
2123
4172
77
2125
8269
4174
4175
8273
2130
4178
4179
6227
8275
2132
4182
88
6232
6233
4186
6234
91
4189
6237
8287
8288
8294
8297
6253
6256
6262
120
2174
4230
4232
139
6290
4243
2196
4245
6293
150
2200
2203
158
4254
4255
2208
4258
2212
2214
2215
6313
170
2219
6316
6317
4271
2224
2225
4274
6325
182
192
4288
2241
4289
201
6346
6348
206
2255
4303
6351
2258
6355
2260
6358
2263
4312
4314
4317
225
228
2277
4326
4330
6378
6379
4333
2288
242
4338
4340
245
4341
6390
247
2296
249
6393
2298
2299
2301
6400
257
2307
6406
263
2311
4360
265
2316
6412
6413
6415
2323
4373
4379
6429
290
4390
296
6440
297
298
300
303
2351
6451
309
6455
319
4415
2370
4419
2372
2375
329
2381
334
2383
6481
6482
4436
2390
4439
4440
2395
2399
4452
2406
6504
363
364
6509
2414
4462
367
4464
2417
2423
6520
6522
379
4476
6525
6526
383
4481
6529
4482
2438
4486
391
6535
6538
2443
396
2444
6540
401
6546
408
4504
413
4509
6557
415
4515
2468
4519
425
4523
429
2480
6578
6580
2485
4534
4535
440
6584
6586
2491
445
2495
4546
6594
2502
4550
2505
4553
458
6605
472
2521
4569
6619
4572
2525
6622
479
4575
480
2528
4576
2531
4581
6629
486
2537
6633
2538
2540
4589
2550
4601
4604
4608
6657
6659
6660
2566
4616
522
523
524
6669
6672
4625
531
4628
2581
6679
2587
6683
2588
4637
6686
544
549
4646
2603
4651
6700
6701
4654
2608
4665
2618
571
2620
4668
575
2625
2630
6726
4679
586
4682
588
4684
4686
2640
4688
593
2641
4689
4690
595
6740
6742
6744
603
604
605
606
6750
607
6755
6756
6757
2664
619
2668
4717
2670
4718
6766
4720
625
4722
6770
633
2683
2685
639
2690
6788
645
2693
2695
6792
4745
6799
4753
4755
661
2709
4757
663
2711
6810
2717
2719
4767
672
6818
6821
682
4778
683
2733
2737
6833
692
2742
2743
6842
699
4795
6846
704
6848
6851
4805
6856
4811
6861
719
720
6864
6865
2775
4824
2779
6878
2783
6882
739
6883
2790
4838
2791
2793
747
6891
748
4844
750
6895
2801
754
2803
757
6901
2806
4854
6904
762
6907
764
2816
6913
2818
771
2819
4869
6918
2823
4872
6921
778
781
2832
4882
6931
788
6933
2839
6939
797
6941
798
4894
6942
6945
2850
6951
2857
812
2860
2861
6959
2865
2866
4914
6962
823
2871
824
2876
4924
4926
6976
833
2881
2885
2887
6984
2891
6987
6988
4942
6990
4945
4946
852
2900
853
854
4950
2908
4957
863
2912
7009
4962
7014
2919
2921
2922
4976
881
2929
4977
7025
4978
4983
2937
4985
4986
4987
893
2943
4992
897
4993
4994
904
2952
5001
5003
7051
5004
911
5007
5011
7060
917
5013
918
7063
2968
5017
923
7067
2974
2976
931
2979
932
7079
5036
5037
7086
5040
5042
2995
2996
7093
5046
3000
954
5054
7102
7104
961
3009
964
7108
5063
7111
971
972
5069
5070
7119
3025
5076
989
7134
992
993
7138
5092
7140
5096
3052
1008
1009
5105
3058
5106
5107
5108
7156
1017
7170
7171
3077
7173
3080
3081
1034
7181
1039
7184
7186
5139
5140
3093
3095
5147
3102
5150
1056
1057
5156
7204
7206
1063
5160
1065
3113
7210
7212
1069
5167
3121
7217
7218
1079
5177
5180
1089
5188
7236
1094
1097
5193
7241
1102
5201
3155
7251
5205
3160
5211
7259
7260
1117
3166
5217
7265
5218
3171
5219
7268
1125
5222
7270
1129
7274
1132
1133
5231
3186
7283
1144
5243
7291
3196
7293
1151
3199
5248
1153
7298
7300
5254
7306
3212
3213
5264
5265
1170
3219
5269
7319
5275
3228
5276
7328
7332
5285
7336
1195
3243
5295
3248
7344
1204
5303
1208
3256
3259
7360
3265
5323
5325
5327
3280
5328
5329
5330
1236
3285
5333
7382
7383
7384
1241
7385
1242
7386
5339
1245
5341
7390
1250
3300
1253
7397
3306
7404
3309
7406
3314
1268
3316
5365
1270
1272
3324
1277
3325
1278
5374
7422
5377
5378
3331
7429
1288
3337
5390
1297
1299
3348
1303
3351
5399
3353
5401
5402
1307
3355
5404
5405
1312
5409
3363
5414
1322
5419
5420
7470
5423
7473
3378
5426
3379
7475
5430
1337
7482
3387
1341
3390
5439
7487
5441
7489
3394
7498
1355
3403
1360
3408
5457
5459
5462
7510
5467
3420
7518
5473
1378
5474
7522
3427
7527
7528
5482
1387
7531
5488
7538
5491
3447
5495
7543
3448
1406
7552
1409
5506
1411
5508
1414
5510
5513
7563
5516
7567
3474
7571
7572
7573
7576
1435
7581
1443
7589
3499
7599
5553
1462
5561
1468
1473
7618
1477
1478
3526
5575
1480
7630
1488
5584
1494
7640
7644
1501
1502
1503
3554
7650
3555
7654
1511
3560
5609
7658
5612
7665
5618
1524
7668
3573
7670
7672
7673
3579
7679
1536
7681
7682
3588
3591
1544
1545
1547
5646
5650
7699
7700
1557
3606
3611
5659
7707
3612
5660
5664
7714
5667
7716
5669
3622
7719
1576
5673
1579
1581
5678
7727
5680
1586
3636
5684
7733
5689
7739
3644
5692
3646
3647
5695
1600
3649
1609
3659
1613
7759
5712
3665
7761
3666
7775
3681
1640
7786
5744
5745
7793
1651
3699
5747
5749
7798
1655
3704
5752
5756
7805
3710
7806
3712
5760
5761
1667
3716
3717
1671
1672
5768
7817
1674
3722
5772
5774
1679
5775
1680
3728
1681
3731
3733
5782
1688
3740
1693
7838
1695
3743
5791
1697
5794
7844
1701
3751
3754
1709
3757
5805
3763
5812
1717
5819
1724
3775
1728
5824
7873
5826
1732
7876
1733
3782
1736
5833
5835
3788
1743
1746
1747
5846
5850
3804
7900
5856
3810
5858
5860
3813
5861
7911
1769
7915
3824
1777
3826
7922
5875
3834
3835
5885
5886
3841
3843
7941
7943
1800
3849
7952
7953
5906
3860
3863
3864
1818
3866
5915
3870
5919
5922
1827
3877
1831
3879
5928
3883
1836
5934
7984
1841
5938
7988
5944
3899
7996
1858
8002
1861
3909
1862
1864
5961
3915
5964
3917
1870
5968
1877
3926
8022
1881
5977
3930
5978
3931
8028
1887
8031
3936
8033
8035
1892
3942
8039
3945
3950
8048
6003
3956
8054
1912
6009
6010
1915
8059
1916
6014
3967
6018
8068
1925
3976
1929
3977
3978
8074
6028
1934
3983
8080
1938
8082
6038
3991
1944
8092
6046
8094
3999
8095
8101
1959
8104
6057
4010
8109
1970
4018
4020
6070
1979
6076
8124
4029
6078
6081
8129
6082
1988
6087
1993
6089
8141
1998
6095
2001
8145
6098
6100
4053
6104
2009
2010
8156
8157
4063
6111
8161
8162
4067
8164
6119
4072
6120
4073
6121
8171
8173
2031
8176
2033
8179
6132
8180
4085
2039
8183
8185
4090
4091
8187
4095
8191
5
115
84
41
74
141
