489
2048
9216
2049
9217
2
5125
5126
1031
9225
7181
6163
1044
2068
3093
8214
7191
25
3098
7195
10272
8230
4136
8234
44
3119
2096
8240
5170
6197
3129
6204
8252
9277
2116
70
8262
3144
2127
4175
4178
9299
1108
1109
1110
5206
8279
88
1113
6233
9305
3163
2140
8284
95
5217
8291
6246
8294
2151
4199
8297
5227
8301
6254
9326
7280
4210
7283
8307
5238
3193
7289
2170
3195
1149
1151
4223
3212
5260
5261
3214
8336
6294
8343
1178
4251
6301
8355
2214
8358
167
8360
1193
6313
2218
4266
9387
3249
1206
6331
8380
2240
8384
1217
3267
4294
4299
8395
9423
210
6354
8405
3286
4311
9431
8411
2270
223
2272
3296
6369
6372
5349
8421
230
3302
5351
3318
3323
1276
9471
6402
9475
4356
6404
5389
6413
1295
2321
6418
3347
2325
8470
6425
2334
6435
3365
9511
2344
297
3372
4400
4402
5426
6456
5433
8513
3394
1347
5447
1357
5453
8525
6479
9552
3410
8536
3423
8547
360
6504
7529
7537
5490
5494
7547
3453
3454
1410
6530
387
1411
6532
389
5514
2443
3467
5516
6541
6548
7576
7578
412
4508
3485
7583
5537
6565
6566
6567
7593
8618
4529
7602
5557
8629
440
4536
8636
1471
9664
5570
2499
3526
1480
5577
3531
2517
4565
4567
9687
1498
5600
1511
2535
1515
7668
502
9718
9720
8701
2561
7681
2563
3590
1545
524
4622
1551
5648
7701
8726
7704
7705
3611
7709
2594
4643
6693
8741
7719
3624
3626
5679
9776
561
562
5682
9780
3637
9781
1596
5694
8770
6723
7747
8771
8772
581
4679
9801
5706
7756
590
4686
6738
5715
7766
2647
6743
9815
600
4696
3675
1628
2653
7773
9823
9825
613
2661
7783
2664
5736
623
624
9840
4722
8818
6773
8821
4726
2679
8823
8826
4734
8835
8836
3717
6793
4747
3724
5772
7820
8848
3730
5778
6802
660
2709
4758
3735
664
3740
9884
3748
4772
6822
9894
3753
8874
2733
9905
1715
5811
9909
5815
698
4795
5819
9916
702
3774
703
5823
6847
705
1732
4806
9926
5834
2765
1746
7894
3800
6873
1757
8929
1766
745
7915
1772
7917
9973
759
3839
768
4864
1794
4866
7941
3846
2823
4871
8970
2831
7952
10000
6931
4884
5910
10007
1816
1819
797
2846
2847
5923
1831
4903
810
4907
4909
5933
2863
4915
4916
5944
10044
1857
3905
5953
8001
9030
9031
841
842
4938
6991
5968
10068
853
1877
8021
1880
857
858
2908
10077
1887
4961
2919
9066
3949
3955
9076
7030
9079
7032
2937
6009
1914
6012
9085
10109
8063
7048
1933
8077
917
1941
9111
5016
3997
5021
8094
927
7074
2982
9126
936
937
9130
6060
8109
9135
2993
3000
6077
3006
5058
4037
5061
9160
8137
1996
1998
5072
7122
3029
7125
9176
8160
3045
2026
2029
2030
9199
3056
10224
10225
9202
5107
10228
1013
8184
3065
2042
9212
1
58
