1879
8192
1
8193
4099
12294
11
4108
8204
15
12307
4117
12309
4118
8217
8220
4129
34
12322
4131
8227
4132
4133
8229
4134
12326
12327
4139
12331
12333
8238
47
4143
48
8241
4147
53
4150
56
12346
12348
61
8257
4164
8260
75
4173
8269
4174
12368
81
12369
4178
12374
4183
4184
8280
12376
12377
12378
8283
12379
8284
8287
12386
8291
102
4200
106
4203
8302
4212
117
119
123
8315
125
8320
8322
8323
135
136
4235
4238
143
4240
4241
4242
4243
149
4245
8347
157
8350
4263
173
4269
4270
8373
4281
4283
190
4289
8385
196
8389
8390
8391
4296
4297
8395
4302
210
4311
8408
8411
8415
4320
228
8422
232
4328
4329
4331
241
8439
8440
249
251
8448
257
8449
8450
8452
4358
8459
4364
8460
4365
4366
4369
274
8471
281
8473
4384
8481
290
4386
8485
294
8489
298
4396
4401
4405
310
4406
4410
8507
4416
321
8514
4419
329
330
4427
8524
333
4429
334
335
8527
4432
8528
337
4445
8550
4463
8560
4465
8564
373
375
8567
379
383
8575
385
8577
387
4483
388
8581
8585
8586
397
8593
4499
8595
405
8598
8599
8601
410
417
419
8613
422
423
4522
428
429
430
4528
434
8627
8629
8630
8633
8634
4539
8636
4543
4545
4546
8646
459
464
4566
8662
8664
4571
476
4572
8668
4575
480
8673
4581
489
4586
492
497
4594
8692
501
8695
4600
4602
8700
513
8715
4626
8722
8724
533
535
8730
540
542
8734
4640
8744
8745
4651
4652
8749
562
8755
4661
571
4669
8767
576
4672
8768
4673
579
4675
580
584
586
4687
4694
4698
4699
4702
8805
616
621
4719
624
4722
8819
633
4729
4731
4732
8832
651
4750
656
4753
8849
4756
8854
8863
672
674
4771
676
4775
686
687
4784
692
694
4791
8887
697
698
4795
8892
704
4807
8905
721
4818
8915
4821
8918
8921
733
8930
4838
8935
752
8948
758
8952
4857
4858
8956
4861
4862
770
4866
4867
8963
772
774
8966
8967
778
782
784
8976
787
4883
8980
8981
4886
8982
791
4887
793
4889
8987
4893
803
804
805
810
9003
9004
813
9009
9012
4917
9017
832
9025
9028
9029
4937
4939
9035
9036
9037
9040
9041
4948
9045
854
9046
856
857
9049
859
4957
9057
4962
9064
879
4978
9079
888
4988
897
898
900
9092
9094
9095
9096
5002
9098
907
908
5005
5010
915
9119
928
9122
931
5027
5028
934
935
5033
9129
938
5034
9131
9137
5043
9139
5044
5046
952
5049
5051
956
5053
5054
9152
962
963
965
5061
968
5064
972
975
5072
977
5075
984
5080
985
5081
9178
5089
9186
9189
9190
5099
9195
9200
9203
5108
5112
1018
9210
1022
5123
1028
5128
9225
5131
9228
1037
1045
5141
5144
9246
5152
1062
9254
1063
5159
9255
1065
5162
9262
1073
5171
5172
9268
1077
5173
1081
5178
1083
5179
9277
5185
1092
5188
5189
1096
9289
9290
1100
9294
1103
9295
5200
9296
5201
5203
9300
1109
1110
1113
5213
1118
1121
9316
9319
5229
5231
9327
1137
9331
9334
5239
9335
9337
1153
1160
5257
5259
1167
5265
5267
9364
9366
5274
9373
1186
9391
5296
9392
5297
9395
5302
9398
5305
5307
5309
5310
9406
1217
5313
5314
9410
9412
1227
9428
1239
5335
5336
5337
1248
1249
5346
1253
5350
1257
9449
5355
5358
9454
5365
9464
9466
9468
1277
9470
5380
5381
1286
5382
5389
5390
9490
1299
9497
1307
9499
9505
5413
5414
5416
1324
9516
5423
9519
1328
5428
1334
9526
1335
9528
1337
5433
1338
5434
5441
5444
9542
5447
1353
9550
9552
5457
9555
9556
5461
9557
9559
9563
5468
9564
1375
5471
5474
1380
1384
1386
1387
9580
1390
9583
1394
9587
9593
1405
5502
1407
5504
1410
1411
1412
5508
5509
9605
1414
9608
5514
9610
9611
9614
1425
9618
5526
9623
1432
5529
5531
9628
1443
9636
1445
9639
1448
1450
9646
5551
1457
5554
5560
9661
1470
9662
5568
1473
5570
5576
9672
9674
5583
5584
9684
9686
1497
5595
9691
1502
5600
1508
1510
1515
1517
1520
9717
1526
1536
9729
5634
1539
5636
9740
1554
9749
1559
9753
5660
9760
5668
1573
5671
1579
5679
1584
9777
5685
5691
1596
9789
1598
9792
5698
5699
9795
1606
9807
9808
1617
1618
1620
9817
9818
5724
9823
5733
5735
1641
5738
9843
5748
1654
9849
1658
5754
1659
9852
5759
5763
1672
9865
5770
9868
1678
1681
9873
9875
9878
1689
5786
5788
9886
5792
1698
9890
1699
5795
1700
1701
1702
1703
5800
1705
1706
5804
9906
1715
9910
5815
1720
1722
9915
5821
5822
9919
9920
1730
9922
9924
1735
9927
9930
5837
1743
9935
1744
5843
1749
5845
9942
9945
5852
1760
9952
5859
1764
5860
5862
9958
5863
5869
1774
9966
1775
9968
5879
9975
1786
5883
5885
1796
1801
5897
9995
9996
5901
5912
1818
10010
5915
10012
10016
5921
5923
5924
10021
10023
10026
5931
10030
5938
1844
10046
5952
5957
1862
5961
10057
5963
10059
5964
5966
1873
5969
5970
5971
1879
5977
10076
1886
1888
1889
5985
10081
5987
10083
5988
1900
1901
1906
10098
10101
10103
6009
10105
10106
1916
1924
10118
10119
6025
6026
1931
10126
10130
10137
1947
6043
10142
6047
6049
1957
10152
1963
1965
1966
6064
10162
6067
1976
6073
10171
10172
1981
6077
6080
10178
10181
1990
10184
1993
10185
10189
6097
6102
10200
6106
6107
2012
2016
2018
10211
10213
6119
6121
2029
6127
10225
2034
10231
6137
6149
10245
10247
10250
2060
10255
6164
6166
2072
10272
6177
2084
6185
6192
6194
2100
10293
2103
10297
6203
2111
2113
6212
2117
10310
10311
10313
6218
2131
2133
10328
2140
6237
2142
2143
6239
6241
6243
6245
10344
6249
2160
6257
2163
10357
6262
10359
6264
2169
2171
2173
10366
10368
2177
10379
2191
10384
10385
2194
2196
6293
2202
2203
2206
10399
6311
10411
2220
6317
2223
10418
10419
10427
2241
10433
10434
10435
6343
6344
2252
6349
6350
6351
10448
10449
10450
2259
6360
10458
6363
6370
2275
2276
6372
2279
6376
6377
6379
10475
2291
2292
10487
2296
6392
6393
2299
6398
2304
6405
2315
10507
2319
6415
2320
2321
2324
6420
6421
10517
6424
6425
6427
10524
2333
2335
6431
2336
6432
10532
2342
2344
10538
6445
10549
10550
2359
10553
10554
2363
10555
2365
10557
2369
6466
6469
10566
2375
10567
10568
10569
2381
6479
6481
6482
6483
6488
6489
6493
2401
10593
2407
2410
6506
10602
6510
10606
10608
2427
2428
10623
10626
2441
2442
6538
2447
6547
2452
6550
10646
10648
2459
2460
2461
10653
6558
2463
10658
2468
2469
10661
6566
6567
10667
6577
2482
10674
6580
6586
6587
10683
6589
10686
6592
2501
6597
2502
6601
6602
2509
10701
6612
2518
6617
2522
6619
10719
6624
10721
2531
6627
2532
10725
6630
10726
2535
6631
10727
10733
10734
2543
10736
10739
10740
6646
2551
10743
2552
10745
10747
2559
6655
2560
2562
10754
6659
6663
6670
2577
6676
6679
6681
10780
10782
6688
10784
6689
10789
10790
2599
10793
10796
6703
6704
2609
10802
10808
10813
10817
6726
6731
2637
6733
2640
6736
10832
6740
10837
10844
10845
10850
2662
6760
2665
6763
2670
6766
6770
2676
6772
6773
2678
2687
10882
10885
6793
6795
2700
10892
6798
6799
2708
6805
6808
2715
6814
6815
6816
2722
6821
10920
2733
6831
2737
6833
2739
6837
10934
2753
2756
10948
10949
2758
10952
6857
10954
10955
2765
10957
2767
6864
6867
2772
2773
10967
10968
10970
10971
2784
10978
2787
6884
10980
2789
6887
10983
2792
10987
10989
2798
6894
2801
6898
11004
11006
6915
6917
6918
6921
2826
11018
6923
2828
6925
11021
2831
2834
6932
2841
6939
6940
2845
6941
6945
11041
6948
11044
11046
2858
11051
11052
2863
6962
11062
6968
11071
2882
11076
6981
2886
11078
6984
2889
11083
6989
2894
2895
6991
6993
6994
11090
2899
2900
6997
2902
11094
2908
7007
11104
7012
11112
7019
2925
7021
7022
2930
11124
2935
2936
11130
2942
7038
11134
11136
2947
7043
2948
7045
11143
7048
7050
2955
7053
7056
2962
7060
2967
7067
11164
7069
11166
7073
2984
2987
7088
2993
2997
7093
2999
11192
3007
7103
7107
11203
11204
11205
11207
11211
3023
7123
11219
11220
3030
7126
11223
3037
7133
11229
3039
7140
11236
3046
7144
7146
3052
11244
3054
3056
7155
11256
3067
11259
7171
3076
3077
7174
11274
11276
11277
7182
11278
7183
11282
7188
7190
3097
7194
11293
3103
7199
3106
7205
7206
11304
7209
11306
7211
11307
3119
3120
3122
11314
3125
7221
7224
3132
3139
7238
3144
11339
11344
3153
3154
3155
11350
7256
3162
3166
3171
3172
11364
7269
7270
11371
11372
11376
7281
3186
11386
11397
7302
3207
3208
11400
7305
11412
7320
3225
3231
3237
3240
7336
11432
3241
3242
7339
11438
3249
7345
7346
11442
7350
7352
3257
7356
3261
7357
3262
3263
7362
3267
7363
7365
3274
3275
7371
11467
11468
7373
7374
11476
11478
3288
11486
3295
7391
3297
7398
3304
3307
7405
3310
7408
7409
11506
3315
3320
11512
7417
3323
11515
3326
3329
3332
7431
11530
7439
7445
11542
3351
7449
11546
11552
3362
11554
11555
3365
3367
7466
7467
11564
11569
11571
7477
11573
7480
11576
11577
7482
11580
11582
3393
7489
11585
11587
3400
7497
11594
3403
3406
7502
11598
11600
3411
11607
11609
7515
3422
3426
3430
7526
7527
3432
3433
3434
3435
3437
11632
3442
7546
3456
7552
7553
3459
3461
7557
11653
3465
11657
3467
3468
7565
3471
3478
7574
11672
3482
3483
7581
7584
3491
3496
11690
7595
11691
11693
3510
3512
7609
7610
11707
7614
7616
7617
11716
7621
3526
7625
3534
7631
7632
3537
7633
11729
3538
7634
11731
11733
3542
7638
7639
7642
11738
3548
11740
11741
11744
3555
7652
11748
11749
7655
11752
3566
7662
11760
3570
7668
11769
3578
11775
7680
11776
7681
11777
3589
7685
3592
7691
11792
7699
7702
11798
7703
3608
11801
7709
3617
11809
3620
7716
11814
7719
11816
7722
3636
7732
3640
7742
11841
3655
11847
11848
3660
3662
11868
11871
11875
11877
7787
11884
7789
7794
11890
7795
3701
7798
7799
7800
3707
3713
3715
11911
3720
3722
3730
3731
7833
11929
11931
3740
11933
11940
7848
3753
11945
3754
11946
3756
11948
3763
11955
11956
3766
3768
11960
7867
7868
3773
3776
7877
11974
7880
3787
7885
3790
3791
7887
3793
3794
11994
3810
7916
3823
12016
7928
7932
7933
12037
12040
12041
7948
12044
3855
12051
7960
7963
12060
7970
7973
3878
7974
12075
3884
3885
12079
3891
12083
12085
12088
7993
7994
12092
3901
12095
12100
8005
12101
12104
3919
8018
12114
12116
3926
3929
3932
3934
8030
12127
12128
8034
3939
3942
12135
3944
12138
3950
12142
3954
12147
3958
12151
3960
12153
12154
3963
8059
8060
8067
8068
12170
12176
8081
12178
8085
3992
3993
8090
8095
12192
12197
12200
4010
8110
8115
4020
12213
12218
4029
12221
12224
4040
8136
4043
8142
4048
8147
12246
8153
12250
8155
12256
12257
8163
12262
8167
12265
8170
12269
4078
4080
4084
12278
8183
8184
8189
8190
12
384
2
98
36
69
11
76
140
398
367
53
26
