207
0
1
513
9
10
11
12
524
527
17
531
20
25
538
539
540
29
30
41
553
46
560
50
562
56
571
60
572
573
576
66
580
70
583
78
79
598
601
95
99
611
101
619
620
111
625
627
630
124
636
126
640
643
132
644
134
651
140
653
656
147
659
149
663
666
157
670
671
160
164
168
170
682
171
685
179
180
696
708
709
198
201
716
205
729
730
732
222
742
231
744
746
749
238
754
244
759
762
251
764
766
255
768
769
259
774
264
265
778
269
273
790
283
801
802
291
804
809
299
812
301
302
818
307
820
309
311
824
826
315
828
319
833
834
323
326
842
846
848
340
341
342
344
345
349
352
864
355
867
356
869
877
366
879
368
885
378
380
384
385
897
394
397
399
912
914
915
404
921
922
924
413
929
937
943
947
436
952
956
445
451
452
965
457
971
460
461
973
463
464
976
468
474
476
992
995
997
488
1002
491
1005
1008
1009
499
504
1020
510
66
0
1
4
133
261
8
9
139
142
146
148
277
22
23
280
25
157
160
34
290
35
41
169
297
171
47
175
303
52
53
182
55
185
188
316
62
320
68
196
69
197
326
200
201
75
79
80
336
210
338
213
216
223
351
96
99
227
100
363
236
365
238
239
113
115
123
