480
1033
14
15
16
17
18
2066
19
21
23
2071
1050
2075
1052
2083
38
2086
1064
44
45
52
1077
55
1079
1080
2107
60
61
63
1087
65
2114
1092
2116
69
74
1101
2125
2126
1103
80
2130
2131
1113
95
2146
2149
2150
103
2151
2152
2154
2155
108
1133
110
1135
1136
2160
114
1142
2168
121
2169
122
2170
2172
1152
2176
1155
133
1159
2185
2186
2188
1165
2190
143
2193
1170
1171
2195
1173
2198
157
158
1182
159
2207
1184
162
1188
167
2215
2218
172
2221
1198
175
2223
2224
177
1204
1209
2233
2238
191
1215
2239
1220
198
2246
2247
1226
207
1231
1234
2259
212
1237
215
2263
2265
2266
1246
1247
224
225
227
1253
2283
1260
237
240
1266
2292
2295
2297
1274
1278
2302
2304
1282
262
2312
265
2315
2317
2319
1297
2321
1298
275
1303
1304
2328
1305
1306
283
284
2334
1311
2336
291
2339
2341
2343
297
298
299
1325
2349
304
305
309
2357
2360
313
2363
316
318
1343
2367
321
2369
326
2375
334
1359
2383
337
338
1365
2390
2391
2392
1369
1372
2396
1374
1376
2402
1379
357
1382
359
1385
1387
1388
2413
368
1392
2416
1393
2418
372
373
375
2424
377
2425
1403
380
381
1407
2433
387
1412
2436
1416
1418
1421
398
1422
2447
400
401
2449
403
2452
2453
406
2456
409
410
1435
413
417
2465
1446
2470
424
2472
425
2474
1453
430
1457
435
436
438
2488
2489
1471
1472
1480
458
462
463
1488
465
2513
2515
1494
2518
2520
476
2524
477
1501
2525
484
2533
487
1514
2538
1515
497
1523
2549
1527
506
1532
513
2563
1541
1542
520
1544
1546
2570
523
1547
525
2573
1551
2576
529
531
2582
535
2583
536
1560
1561
2586
1563
2588
1566
1567
544
2593
547
548
1574
2601
1579
2604
558
559
2610
2611
1588
1590
1594
2621
576
1601
1605
1609
2634
1611
1617
2642
595
1621
2647
1629
2654
607
610
612
614
1639
2664
1643
2668
1645
1647
2673
1655
1656
633
637
640
1667
1674
1676
1677
1679
663
664
1688
665
1690
1700
677
1708
1715
692
1717
696
706
1733
710
711
713
1738
724
725
1751
1752
732
1761
738
739
1770
760
1785
1787
765
768
771
773
775
776
782
783
1810
1818
1819
1820
1822
1824
802
1828
818
1844
1845
823
1850
829
1855
1856
834
1859
1863
840
843
866
868
1892
871
875
1915
1921
1926
905
912
1937
1939
917
1941
921
922
1950
1952
930
1955
934
1959
940
946
1971
949
1973
950
1974
952
956
962
1994
1995
972
1996
978
2002
2004
2008
991
2015
992
996
999
1002
1006
1007
2037
2039
1020
5
33
37
7
13
78
