1418
2
2052
4100
4102
8200
6153
10
4106
8202
4108
6156
4109
8205
2062
4111
8210
2067
4115
8211
4117
2070
4122
8218
27
8219
2077
4125
6175
8223
6176
8227
2085
39
4136
41
2089
2090
8234
2092
4140
2094
4144
8240
49
6198
56
4154
6202
8250
6204
6206
63
64
8256
65
4164
69
72
6216
73
2121
76
2124
79
2127
4176
4178
6227
8275
84
4180
8277
4183
2136
89
2137
8284
93
6237
94
2142
6238
4191
8287
96
97
2146
8290
6244
8292
2149
102
4198
6247
105
8298
6251
2156
110
115
4211
6259
8307
2168
4216
6265
8314
4220
8316
125
4221
6269
4222
6271
8319
4225
6273
4226
6276
133
8326
135
4231
6279
8327
6280
8328
137
8330
2187
140
6285
4240
8340
150
153
2202
2203
4251
157
6301
158
2207
2209
162
4258
6308
2213
2214
4262
2217
6315
8363
8365
175
6319
176
4273
6321
6323
181
4278
8374
2231
2233
4281
186
2235
2238
4286
2239
194
6338
4291
6339
6340
2246
4294
200
4296
201
2249
2251
204
6348
206
2254
2257
210
2260
213
2262
215
2267
2268
6365
222
2270
6368
4321
228
2278
6376
233
4332
6381
239
4335
6383
243
244
4341
246
6390
248
4345
250
2298
6394
2300
254
2302
6399
257
6401
261
263
2316
269
2319
2320
274
6419
2324
281
2335
4384
4385
4389
2342
6438
2344
298
299
4396
2353
6449
2354
2357
4410
6458
315
6459
4413
6466
2372
2375
2376
329
6473
4428
333
334
4430
4431
6479
4432
338
2386
2390
4439
6489
2394
6491
4444
6500
2405
6501
6502
360
4456
4457
365
2417
4466
6514
6518
379
2427
6523
4477
6526
383
6528
4481
4482
6534
391
4489
394
2442
4491
6541
4495
4497
4499
4500
2455
2456
4507
6556
2461
414
2462
4510
2464
6561
420
421
423
2471
425
6571
2478
4529
6577
6578
6579
4532
4534
439
2487
6583
4538
443
448
4544
6594
4548
454
6598
6599
6606
4559
6607
2512
4560
2513
2515
468
4564
6612
470
6614
6616
475
2524
479
4579
6630
487
2535
489
4588
6636
2541
4589
6638
2546
499
6643
2549
502
4598
6647
504
6648
2553
2554
6651
508
2556
6657
517
4613
2567
2569
522
6666
2572
2573
4622
2576
4626
6674
531
4628
4632
537
2587
6684
543
544
4640
2593
6689
2596
6692
550
551
2599
6695
552
6697
554
2602
556
6700
6702
6709
4663
6711
4664
6713
2618
2619
6715
4668
573
579
2627
4675
6725
6726
584
2632
2634
4682
6730
6731
2638
6734
6736
2642
4690
4693
2649
602
6748
6750
610
2660
6756
2661
2662
2663
617
2665
4713
618
619
4716
6765
624
2672
2678
631
6775
2680
2682
635
4734
639
2687
4739
6788
645
2693
647
648
6792
4747
2703
4751
6799
4752
4755
661
4759
665
6809
669
672
2720
2721
4770
676
4776
682
4783
4787
2740
6836
2741
4789
6837
4790
4791
698
2747
6843
6847
6848
2753
6849
706
6850
4803
708
6852
4805
714
2762
4810
6858
2763
4814
6862
719
6865
2770
6867
724
2773
4821
2778
731
4828
6876
2783
4833
6883
6885
744
4840
745
2793
6890
6891
2798
752
755
2803
6899
2804
4852
2805
6903
2808
4857
6905
6906
2811
6909
6911
4866
2820
2822
6919
776
779
2827
2829
4877
784
786
2838
6936
4891
4893
2850
4899
6947
2853
2858
4907
6957
6961
6962
2867
4917
6967
4920
6968
825
4923
4925
2879
6978
835
4931
2885
6984
4937
6986
4942
4944
6992
2898
4947
854
855
857
2906
2911
864
7008
2913
4964
4966
7017
876
2924
2927
882
7028
7029
7030
7032
7033
2938
4986
4987
4989
4990
895
7039
2944
4992
897
2946
7043
2953
5001
2954
5002
7050
2955
5004
7052
910
2958
2961
5010
7060
2966
2967
7063
2971
2974
5022
7070
7071
7073
932
934
936
937
2987
5038
2993
5041
949
7097
3004
959
3007
3008
961
3010
963
7108
965
3013
3015
3016
970
5066
974
7119
979
3027
5075
982
986
988
7132
990
3038
7134
5087
5089
5090
3043
996
3045
998
7142
999
7145
5101
7149
1007
7151
5104
1009
3060
7161
5114
7162
1019
3067
1021
1022
7168
5123
7172
1033
3081
7181
7184
3094
3095
5143
7194
1051
3099
5149
7198
7199
7201
1058
3107
1063
7207
1064
7212
5165
5168
1075
3126
1079
3127
7223
5177
5184
3137
7235
3140
5188
5189
3143
7241
3150
1104
5200
3153
1108
3156
5204
5206
7255
1114
3162
5212
7260
1120
5217
7265
1124
1125
5221
3174
3177
7273
3178
5226
5227
5229
3184
1137
5235
7283
1140
5236
7284
3189
7286
3191
5239
7289
1148
1149
5246
7295
1152
3200
1155
1157
5254
5255
5257
1162
3210
1164
7308
7309
5262
1168
3216
5264
7312
1170
3221
3224
7323
5276
3230
1183
1184
5280
1186
5284
7332
7333
7334
7335
1192
1195
1197
5293
1198
5294
7346
3252
7348
3254
5304
7353
5309
7362
5315
3268
3269
7366
3273
1226
1227
7372
1229
7373
3281
1234
5331
3285
5334
5335
7383
1240
1241
3290
7387
5345
5346
7394
1252
5348
1254
3303
1256
3304
5353
3306
7408
5364
7412
1269
7416
1273
3322
7418
1275
5371
7419
1276
5374
5376
3329
3331
7428
3333
7429
1286
7430
3335
7431
7432
5385
5387
7435
3340
7436
1293
1295
7441
7442
7443
1306
1308
7452
3357
3361
3362
5412
7461
1318
3366
3367
5417
5419
1324
5420
7468
1325
7472
1329
3378
3379
1333
7477
1334
3382
1336
1342
7489
3397
5445
1352
7499
3404
7500
1357
3406
5454
7502
7507
7510
5464
5467
1373
7517
1376
1377
7533
1391
3439
7535
5488
5492
3445
5494
1399
5495
5496
3450
7546
3453
1407
3456
7554
7560
5514
3471
5519
3473
1426
7572
1429
1431
3479
7576
5531
1437
3485
5534
1440
3488
5536
5538
3495
3497
3498
1452
1454
5550
1458
3507
3509
1462
7606
7607
5564
3519
7616
7617
1476
1479
1480
3528
5576
7624
5577
5580
7629
5583
1488
5587
7638
3547
3548
5599
7647
3553
5605
7653
5606
1511
3559
7656
5612
5614
3568
7666
1523
1525
5625
5628
1534
3582
1537
5633
5635
1541
7687
5642
7691
1549
1550
5646
1551
3599
1552
3600
5648
1553
1556
5653
7701
3608
1561
5657
1562
7706
7708
3615
1569
7713
1571
5668
1574
5670
5671
7719
1578
1579
1580
7724
3629
5677
7726
1586
1588
3638
1591
5687
3640
1594
5690
1595
5691
3644
3645
1598
3649
1603
3651
7749
3656
5704
5705
5709
3663
7759
3664
1618
3667
5716
3669
1625
1626
3674
5722
5723
1629
5726
1633
5731
7779
3684
5732
5734
7783
5736
3690
5739
1644
3692
5740
7790
1647
3695
5744
5745
1652
1657
1661
3709
7806
7809
7810
5763
7812
3717
5766
1671
3719
1672
3724
1677
5774
7822
5777
5779
1684
7828
3733
5781
1690
1695
3743
3745
5793
7841
3746
1699
1701
5800
3756
5804
5805
1712
1713
5810
1715
1716
5812
1719
1720
3768
1722
3770
1723
5821
5822
7872
3779
1734
5831
1736
1738
5835
5837
1742
7886
3791
3797
5846
7895
5848
1753
5853
5855
5856
1761
5859
5861
1766
7912
7918
7921
5876
7925
5879
1784
1786
3836
5884
1789
5886
7936
3844
1799
7943
3849
3850
5898
1803
5900
7948
7951
3856
7953
1811
3859
7958
3864
1818
1819
3867
3868
7966
3871
3873
7969
1826
3874
5922
3876
1830
5926
7974
3881
5930
1835
7981
1838
1839
1840
3891
3892
5940
1845
3893
3894
7991
1848
5944
5945
7993
3898
3899
7995
3903
1857
8003
5956
3909
3910
8008
5961
1866
3915
1870
8014
5967
3924
5972
5976
3929
5977
8027
1884
3932
5980
1886
8030
5985
5986
3939
5989
8037
1895
8042
3947
5995
8044
5997
3950
5998
8047
1904
3952
6000
8048
6001
1906
3954
8052
8055
1913
6009
1915
1917
8063
8064
6018
8066
3972
1925
1926
3974
6024
6025
1930
8076
6029
3982
6032
8081
1938
8082
1942
6044
3997
1951
6047
8095
4002
1957
4006
1959
6055
1962
6058
8107
1964
8108
4013
8110
8113
8116
8120
6075
1980
8124
6077
8126
6084
4042
6090
1995
1996
1997
8142
2001
8145
4051
6099
4052
2006
4054
6103
8152
8154
2012
6108
8158
2016
4064
8161
4067
8169
4074
4076
6124
2030
8176
2034
2036
8180
4085
4086
4090
6139
8189
2046
6142
2047
17
2
69
101
389
9
397
79
114
343
56
26
124
220
316
93
253
383
