163
512
769
260
773
518
1033
523
12
1297
275
20
276
22
791
1303
1305
1306
539
1564
542
1310
1315
1316
38
1576
43
299
812
302
1071
1327
820
1076
1077
1079
57
59
62
832
321
578
1346
1092
73
586
588
847
848
593
1361
851
852
598
1110
91
347
1371
606
864
356
612
869
1381
1384
1131
876
366
622
623
879
624
1143
380
125
893
1406
387
1411
647
1159
1415
394
906
1162
907
140
654
910
1423
402
1426
1427
149
662
408
157
1437
159
931
1190
680
427
1451
1454
689
437
1205
696
952
185
1468
189
447
703
192
962
1474
1219
966
1478
968
1480
1225
1484
1230
207
1487
982
215
983
1495
472
218
730
1242
221
989
480
225
738
739
1251
486
1254
487
1255
1001
1514
747
236
1264
241
497
754
1269
246
504
1273
1275
1531
764
1020
254
47
0
257
131
323
4
197
199
327
200
138
266
267
79
273
338
19
211
339
20
341
88
153
27
283
96
224
354
35
36
167
296
298
300
45
237
110
240
308
53
309
182
374
311
184
251
125
255
